2312
Kam_num,Ind_spec,Length_1,Specificity1_1,Specificity2,Similarity,Big4,Big8,Audit_tenure,Audit_spec1,Gender,Auditor_tenure,Auditor_spec1,Partner,Ccp,Degree,Rep,Major,License,Roa,Bm,Quick,Leverage,Recvinv,Otherrec,Size,Growth,Loss,Age,Cfo,Audittype
1
0.1734008,1
0.7838423,0.1683944,1
0.6498675,0.03391473,0.7734038,1
0.09106558,-0.1666159,0.0253542,0.6273335,1
-0.3369631,0.1822922,-0.2356685,-0.1842412,-0.01723708,1
0.01424632,-0.08827591,0.04955625,0.04091331,0.01321134,-0.07928519,1
-0.02523488,0.001353969,0.03558956,0.01741214,-0.02206346,0.1840493,-0.3547731,1
0.05717244,-0.04137002,0.06987602,0.05397198,0.007861935,-0.05839967,-0.01316578,0.0774397,1
-0.01995512,-0.03763638,0.03917841,0.04805382,0.03142513,0.1408943,-0.03946837,0.5280607,0.1150386,1
-0.05663174,-0.00454947,-0.04621747,-0.02588073,0.02151355,-0.00954898,0.03578055,-0.004630872,0.01730849,0.04562817,1
-0.0332386,-0.04319266,-0.0725856,-0.07811563,-0.03281445,-0.03065368,-0.02874817,-0.002428943,0.06853697,-0.02150879,-0.04058373,1
0.09444768,-0.04021466,0.1127572,0.07433442,-0.01131863,-0.00334538,0.09852855,-0.009554094,0.2349505,0.07453656,-0.03054309,0.05814203,1
0.02037488,-0.04101702,0.003586614,-0.006778088,-0.01058775,-0.08176473,0.09435375,-0.1409689,-0.0006100782,-0.07116404,-0.1198881,0.4181404,-0.02875873,1
-0.003960222,0.009226841,0.05329271,0.06602188,0.04378758,0.08334858,0.01343418,0.05605915,0.01773018,0.08019411,0.070539,-0.1468069,-0.006822119,-0.0397076,1
0.04925588,0.02935886,0.1019253,0.1136864,0.06314267,0.03785261,0.08119884,0.0112148,-0.0181423,0.08072441,0.03716444,-0.2820411,-0.002472368,-0.02742383,0.2047346,1
-0.004252184,-0.005813242,-0.02416203,-0.02054724,8.525108e-05,-0.04170049,0.09800078,-0.06442061,-0.0008440037,-0.008780006,0.05234431,0.2247536,0.03339095,0.1266472,-0.002125962,0.09450009,1
-0.03756433,-0.03572768,-0.06335057,-0.07141913,-0.05153994,-0.04913037,-0.01966059,-0.07944725,0.003378414,-0.09196911,0.03280615,0.249466,0.003880475,0.06461796,-0.02846515,-0.08781823,0.1869247,1
-0.02713882,0.007476289,-0.03521616,-0.02466573,-0.001887533,0.01401383,0.01534178,0.03566684,-0.01578063,0.04651805,0.006706348,-0.1456582,0.0008102813,-0.09905905,-0.02176781,0.04937528,-0.01447723,0.03559536,1
-0.1790297,0.04974533,-0.1422218,-0.1388481,-0.05234449,0.06491189,0.03985351,0.02070504,-0.09034617,0.01892257,0.03981158,-0.01622862,-0.04299907,-0.004977292,0.05938112,0.03434462,0.03312359,-0.008952002,0.02374532,1
0.1168469,0.001826301,0.1050652,0.02269249,-0.07256828,-0.1267678,0.1633917,-0.06200259,0.167104,-0.01934358,-0.002448911,0.03529211,0.1908859,0.05420147,-0.006777042,-0.009058135,0.05445413,0.02276482,-0.06619026,-0.1556179,1
-0.1401255,0.03788502,-0.130561,-0.1018216,-0.01406333,0.1140988,-0.06333766,0.01768307,-0.1409556,-0.03516829,0.008800136,-0.01323565,-0.1643294,-0.004888764,0.02770025,0.01054309,-0.01731837,0.01221746,0.00543023,0.1930722,-0.3391613,1
0.1645524,-0.02031454,0.1564768,0.08782943,-0.04079214,-0.1296216,0.1144617,-0.032197,0.1212464,0.004815937,-0.01269691,0.01849832,0.2023609,0.03468419,-0.02590332,-0.01904954,0.03419651,0.02014247,-0.05814325,-0.2982598,0.6306699,-0.6745941,1
0.09237203,0.2558089,0.08616913,0.07184845,0.003380801,0.1434454,-0.0006213764,-0.02309002,-0.07101396,-0.07150166,0.01174256,-0.06399304,-0.01584777,-0.01645663,0.0132351,0.026715,-0.02554008,-0.0432547,-0.01772235,-0.1083014,0.143629,-0.214788,0.2999233,1
0.1186225,0.04725401,0.1111313,0.07756584,-0.007357804,-0.1147149,0.06676243,-0.03756009,0.06295994,-0.009287284,-0.02914974,0.02674037,0.07131775,0.05848916,0.007413726,0.02382789,0.01026707,-0.01529862,-0.04534477,-0.2709068,0.2700442,-0.09973648,0.2545045,0.1082617,1
0.1433204,-0.07090163,0.1503257,0.07042732,-0.05217662,-0.1404145,0.2879564,-0.08668134,0.2319861,0.03497625,-0.004020698,0.0480569,0.3688354,0.09633324,-0.0005789095,0.001712809,0.06915132,0.009576442,-0.0236142,0.006262844,0.7087042,-0.3957434,0.5593155,0.007201553,0.1718319,1
0.03054827,0.06272062,0.04485705,0.03229615,-0.007479975,0.04692623,-0.0146282,0.01083331,-0.05259282,-0.00229693,0.02692469,-0.002101867,0.01605247,-0.005859831,0.009930645,0.001967536,0.000344463,0.007314218,0.005418378,0.2605337,-0.05838269,-0.05826901,0.01950133,0.02934988,-0.07174382,0.02510379,1
0.1332063,-0.07526988,0.1114061,0.1159124,0.04598807,-0.07047932,-0.02188689,-0.01063378,0.06496979,-0.02856696,-0.02797447,0.01081061,0.008319303,-0.01333604,-0.03971793,0.0001954404,-0.03103619,0.005291936,-0.04088556,-0.7224148,0.04158411,-0.08600479,0.16527,0.02148936,0.2016539,-0.05121212,-0.2338727,1
0.05743191,-0.147644,0.03593711,0.006314273,-0.02274719,-0.1964885,0.1008112,-0.08144621,0.3755721,-0.03464907,0.006645286,0.07609293,0.1328214,0.1104027,-0.02849144,-0.05973838,0.02546915,0.03265929,-0.02817134,-0.1194383,0.4154601,-0.2366118,0.3308293,-0.06434027,0.1490711,0.4569608,-0.1035031,0.07763811,1
-0.1116904,-0.05589601,-0.08038412,-0.07432236,-0.02952013,-0.001085204,0.04109707,0.01544162,0.03668496,0.05674656,0.007890521,-0.02510654,0.01491253,-0.01915868,0.02942005,0.04594533,0.01271324,0.02641184,0.05374238,0.3665102,-0.1018547,0.07683601,-0.1482513,-0.3193057,-0.2179864,0.03963159,0.09385201,-0.1760319,-0.03069219,1
-0.0521134,0.02993892,-0.02807488,-0.02821283,-0.009307707,0.03535929,0.01448004,0.02588961,-0.03621244,-0.01299659,0.03422224,-0.03030419,-0.05281535,-0.03526765,0.03484535,-0.03792773,0.01773792,-0.004118068,0.0435788,0.3196152,-0.02549001,0.05491765,-0.1350786,-7.685682e-05,-0.2309527,0.001447028,0.1245487,-0.3049475,-0.07969476,0.1109852,1
